46 46 46 46 46 46 46 46 46 42 46 46 46 46 46 42 46 46 46 46 46 46 46 46 46 46 46 46 46 46 
46 46 46 46 103 46 46 46 46 46 46 46 46 46 42 46 46 46 46 46 46 68 46 46 46 46 46 46 46 109 
46 46 46 46 46 46 46 103 46 46 46 46 46 42 46 42 46 46 46 46 46 46 46 46 46 46 79 46 46 46 
46 46 46 42 46 46 46 46 46 46 46 46 46 46 46 46 46 46 46 46 46 46 46 46 46 42 46 42 46 79 
46 46 46 46 46 46 46 79 46 46 46 46 46 46 46 46 46 46 46 46 46 46 46 46 46 79 46 46 46 46 
46 46 46 46 46 84 46 46 46 46 46 46 46 46 46 46 46 42 46 42 46 46 79 46 79 46 46 46 46 46 
46 46 46 42 46 46 46 46 46 46 46 46 46 46 46 46 46 46 46 46 46 46 46 46 68 46 46 46 46 42 
46 46 46 46 46 46 46 46 46 46 46 46 46 72 46 46 46 46 46 46 46 109 46 46 46 46 46 46 46 46 
46 46 109 46 46 46 46 46 46 46 46 46 46 46 79 46 46 46 46 109 46 46 46 46 46 46 46 42 46 46 
46 46 46 46 46 104 46 46 46 46 46 46 46 46 46 46 42 46 46 84 46 46 46 46 46 46 46 46 46 46 
46 46 46 46 42 46 88 46 42 46 46 46 46 46 46 46 46 46 46 46 46 46 46 46 46 42 46 46 46 46 
46 46 46 46 46 46 46 46 46 46 68 46 46 46 46 46 46 46 46 46 46 46 46 46 46 46 46 46 46 46 
46 46 46 42 46 46 46 46 46 46 46 46 46 46 46 46 46 46 46 46 46 46 46 46 46 46 46 46 46 42 
46 46 46 104 42 104 46 46 46 46 46 46 46 46 46 46 46 79 46 46 46 46 46 46 46 72 46 46 46 46 
46 46 46 46 46 46 46 46 46 46 46 46 46 46 46 46 46 46 46 46 46 46 46 46 42 46 46 46 46 46 
46 46 46 46 46 46 46 46 46 46 46 46 46 46 46 46 46 42 42 46 46 46 46 46 68 42 46 46 46 46 
46 46 46 46 46 46 46 46 46 46 46 46 46 46 46 46 46 46 46 46 46 42 46 46 115 46 46 46 46 46 
46 46 46 46 46 46 46 46 46 46 46 72 46 46 46 46 46 46 46 46 46 46 46 46 46 46 46 46 42 46 
46 46 46 46 46 46 46 46 46 46 46 46 115 79 119 46 104 46 46 46 46 46 46 46 46 46 46 46 46 46 
46 46 46 46 46 46 46 46 119 46 46 46 46 46 46 46 46 46 46 46 46 46 46 46 46 46 46 46 46 46 
